4	205149.517	553724.2091	77.49850746	-87.04209527	-55.41366119	-176.3572036	-0.566500563	-0.823792341	0.021054479	0.03606603	0.000739688	0.999349135	-0.823271738	0.566891199	0.029291885
5	205149.4437	553724.1024	77.50540066	-85.93434408	-55.38459466	3.619336494	0.566932028	0.823750963	-0.004735682	-0.035860433	0.018936113	-0.999177388	-0.82298366	0.566635486	0.040275555
6	205149.4808	553724.1596	77.57030093	-86.71706726	-54.98052775	93.74573072	-0.037489231	0.003730643	-0.999290068	-0.572628924	-0.819607659	0.018422833	-0.818957064	0.572913054	0.032862735
