1	205150.2061	553720.5601	77.50693034	72.03379308	-86.61100702	-18.95700452	0.055908381	-0.998277187	-0.017801988	0.019203883	-0.016751409	0.999675248	-0.998251203	-0.056232092	0.018234254
2	205150.2136	553720.4435	77.5076442	48.42598005	-86.72881403	137.3479051	-0.041968003	0.99892649	0.019610067	-0.03866204	0.017988973	-0.999090408	-0.998370639	-0.042687994	0.037865575
3	205150.2128	553720.5062	77.56763037	50.11659428	-87.3307654	-130.3367432	-0.030143824	0.007373253	-0.999518377	0.035498203	-0.999334079	-0.008442461	-0.998915025	-0.035735595	0.029862014
