1	205150.2061	553720.5601	77.50693034	72.03379308	-86.61100702	-18.95700452	0.055908381	-0.998277187	-0.017801988	0.019203883	-0.016751409	0.999675248	-0.998251203	-0.056232092	0.018234254
2	205150.2136	553720.4435	77.5076442	48.42598005	-86.72881403	137.3479051	-0.041968003	0.99892649	0.019610067	-0.03866204	0.017988973	-0.999090408	-0.998370639	-0.042687994	0.037865575
3	205150.2128	553720.5062	77.56763037	50.11659428	-87.3307654	-130.3367432	-0.030143824	0.007373253	-0.999518377	0.035498203	-0.999334079	-0.008442461	-0.998915025	-0.035735595	0.029862014
4	205149.517	553724.2091	77.49850746	-87.04209527	-55.41366119	-176.3572036	-0.566500563	-0.823792341	0.021054479	0.03606603	0.000739688	0.999349135	-0.823271738	0.566891199	0.029291885
5	205149.4437	553724.1024	77.50540066	-85.93434408	-55.38459466	3.619336494	0.566932028	0.823750963	-0.004735682	-0.035860433	0.018936113	-0.999177388	-0.82298366	0.566635486	0.040275555
6	205149.4808	553724.1596	77.57030093	-86.71706726	-54.98052775	93.74573072	-0.037489231	0.003730643	-0.999290068	-0.572628924	-0.819607659	0.018422833	-0.818957064	0.572913054	0.032862735
