1	204998.2477	553755.9221	63.75890943	74.38763732	33.43592138	5.08403921	0.831219469	0.55243593	-0.06235974	-0.073950971	0.221042142	0.97245649	0.551004037	-0.803713204	0.224587705
2	204998.2343	553755.9393	63.77097954	74.74708435	16.59474734	1.859061777	0.957844335	0.283929502	-0.043798038	-0.031089846	0.254003031	0.966703616	0.285600511	-0.924589908	0.252122689	
3	204998.2435	553756.0104	63.73284655	75.26194365	0.14757965	-1.381872255	0.999705854	-0.00364481	-0.023977526	0.024115803	0.254386442	0.966801927	0.002575748	-0.967095783	0.254399512	
4	204998.2657	553755.9537	63.77219228	73.8877578	-17.58304008	-5.064370593	0.949558669	-0.313586745	-0.001299357	0.0841507	0.25081725	0.964369933	-0.302087727	-0.915835171	0.264554238	
5	204998.2512	553755.9639	63.76267216	71.87524956	-32.187426	-8.13670704	0.837790442	-0.545192647	0.029532222	0.119782897	0.236301709	0.964268407	-0.53269056	-0.8043174	0.263276068	
6	204998.1686	553754.279	63.81276347	74.39520851	12.96078845	2.55651506	0.973553853	0.227800782	-0.017311805	-0.04346844	0.259097234	0.964872592	0.224284171	-0.938602912	0.262147255	
7	204998.1865	553754.2689	63.80059039	74.54569967	5.764754484	1.490918967	0.994605859	0.103712912	-0.001678529	-0.025886925	0.263860562	0.964213395	0.100444277	-0.95896884	0.265122069	
8	204998.175	553754.2875	63.79845165	74.77829016	-1.235783248	0.256124794	0.99975742	-0.019636305	0.009975792	-0.004469166	0.262645215	0.964882126	-0.021566814	-0.964692649	0.262493745	
9	204998.1857	553754.32	63.79497259	74.40679638	-8.43997682	-1.886613621	0.988633971	-0.150144063	0.007722107	0.032565133	0.264005684	0.963971219	-0.146773235	-0.952763223	0.265894449	
10	204998.1852	553754.2912	63.81641996	74.04357814	-14.56261205	-3.003915985	0.966543549	-0.255824265	0.018641701	0.050720643	0.261859696	0.963772232	-0.251437833	-0.930582315	0.266074372	
